69975
39175
36432
28872
26800
26190
21338
20033
12458
11247
10790
9495
8555
8516
7289
7254
6976
6742
6164
5377
5307
5146
4931
4695
4389
4383
4371
4204
3560
3480
3062
3002
2903
2851
2793
2678
2378
2333
2218
2203
2199
2149
2132
2099
2035
1986
1965
1940
1895
1849
1816
1794
1790
1782
1773
1751
1698
1673
1618
1586
1577
1575
1531
1520
1512
1488
1430
1377
1361
1348
1315
1314
1307
1303
1270
1239
1225
1203
1179
1086
1077
1070
1070
1036
1030
1022
1021
1018
1018
1017
987
957
949
937
915
906
905
903
895
889
883
879
878
864
853
853
849
847
835
835
833
832
797
792
789
784
780
774
771
768
768
761
755
745
731
730
723
719
711
710
707
705
704
703
702
700
697
697
690
690
681
680
678
672
668
664
662
660
654
645
639
639
638
634
632
629
627
614
611
611
605
605
601
600
596
590
589
588
584
583
580
577
568
567
565
564
563
560
560
560
552
552
548
546
539
539
538
534
534
534
534
534
533
531
529
529
528
527
523
522
521
513
511
506
504
501
501
501
498
496
496
496
496
495
493
492
491
490
490
489
488
487
486
484
482
481
480
479
473
473
471
468
464
463
461
460
458
458
458
457
454
453
452
451
451
451
449
445
443
441
440
438
437
434
433
432
426
424
423
419
418
417
413
412
412
411
409
407
406
405
405
401
401
401
400
399
396
395
395
394
393
393
387
386
381
379
378
377
376
373
371
369
369
369
368
365
365
364
364
360
360
359
358
358
355
353
353
353
352
351
351
350
349
348
348
348
346
345
345
344
344
343
343
343
342
340
339
337
337
335
333
333
333
333
332
332
332
331
330
329
328
328
327
327
326
326
324
324
324
323
323
323
321
321
320
315
313
312
312
311
309
308
308
308
307
307
306
306
305
304
302
302
302
302
302
301
301
300
299
297
297
297
296
296
295
294
293
292
292
291
290
289
286
286
285
285
285
285
285
284
284
283
282
282
281
281
281
281
281
281
280
280
280
279
277
276
276
275
275
275
274
274
273
273
273
272
271
271
269
269
269
269
269
268
266
265
265
265
263
262
262
260
260
258
258
258
257
256
254
254
253
253
251
250
250
248
247
247
246
246
245
245
244
243
242
242
240
240
240
240
239
239
238
238
238
237
237
234
233
232
231
230
230
230
229
229
227
227
227
225
225
225
223
223
223
222
222
222
221
221
221
221
220
220
220
220
220
219
219
218
218
217
217
215
214
214
214
213
213
213
213
213
212
211
211
210
210
210
209
208
207
207
207
206
206
206
205
205
205
204
204
204
204
204
204
204
203
203
202
202
202
201
200
200
199
199
198
197
196
195
196
196
195
195
195
195
195
195
194
193
193
192
192
191
191
191
191
190
189
189
189
189
188
188
188
187
186
186
186
185
185
185
184
184
184
184
183
183
183
183
183
183
183
183
182
181
181
181
181
180
180
180
180
180
179
178
178
178
178
178
177
177
177
177
177
177
176
176
176
175
175
175
175
174
174
174
173
173
173
172
172
170
170
170
170
170
168
168
167
167
167
167
167
166
166
166
165
164
165
165
165
164
163
163
163
162
162
162
162
162
162
161
161
161
160
160
160
160
160
160
159
159
159
159
158
157
157
157
157
156
156
156
155
155
155
155
154
152
154
154
152
152
152
151
151
151
151
151
151
151
150
150
150
150
149
149
149
148
148
147
147
147
147
147
147
146
146
146
146
146
146
146
145
145
145
145
145
144
144
144
144
144
144
144
144
144
144
144
143
143
143
143
143
143
142
142
142
142
142
141
141
141
140
140
140
140
140
140
138
138
138
137
137
137
137
136
136
136
135
135
135
135
135
135
135
135
134
134
134
133
133
133
133
133
133
133
132
132
132
131
131
131
130
130
130
130
130
130
129
129
129
129
129
129
128
128
128
128
128
128
128
128
128
127
127
127
127
127
126
126
126
126
126
126
125
125
125
125
125
124
124
124
124
124
124
124
124
123
123
123
123
123
123
123
122
122
122
122
122
122
122
121
121
121
121
121
120
120
120
119
119
118
118
118
118
118
118
117
117
117
117
116
116
116
116
115
115
115
115
115
115
115
114
114
113
113
113
113
113
112
112
112
112
112
111
111
110
110
110
110
110
110
109
109
109
109
109
109
109
109
108
108
108
108
107
107
107
107
107
107
107
106
106
106
105
105
105
105
105
105
105
104
104
104
104
104
104
104
104
104
104
104
103
103
103
103
103
103
102
102
101
101
101
101
101
101
100
100
100
100
100
100
100
100
100
99
99
99
99
99
99
98
98
98
98
98
97
97
97
97
97
97
97
97
97
96
95
95
95
94
94
94
94
93
93
93
93
93
93
93
93
93
92
92
92
92
92
92
91
91
91
91
91
90
90
90
89
89
89
89
89
89
89
89
88
88
88
88
88
88
88
88
88
87
87
87
87
87
87
87
87
87
87
87
86
86
86
86
86
86
86
85
85
85
85
85
85
85
85
84
84
84
84
83
83
83
83
83
83
82
82
82
82
81
81
81
81
81
81
81
81
81
80
80
80
80
80
80
80
80
80
80
80
80
79
79
79
79
79
79
79
78
78
78
78
78
78
78
78
77
77
77
77
77
77
77
77
77
76
76
76
76
76
75
75
75
75
75
75
75
75
74
74
74
74
74
74
74
73
73
73
73
73
73
73
73
73
73
72
72
72
72
72
72
72
72
72
72
72
72
71
71
71
71
71
71
71
71
71
71
71
71
70
70
70
70
70
70
70
70
69
69
69
69
69
69
69
69
69
69
69
68
68
68
68
68
68
68
68
68
68
68
68
67
67
67
67
67
67
67
67
67
67
66
66
66
66
66
66
66
66
66
66
66
66
66
66
66
66
65
65
65
65
65
65
64
64
64
64
64
64
64
64
64
64
64
64
64
64
63
63
63
63
63
63
63
63
63
63
63
63
63
63
62
62
62
62
62
62
62
62
61
61
61
61
61
61
61
61
61
60
60
60
60
60
60
60
60
60
60
59
59
59
59
59
59
59
59
59
59
59
58
58
58
58
58
58
58
58
58
58
58
58
58
58
58
57
57
57
57
57
57
57
57
57
57
57
57
57
57
57
57
57
57
57
57
56
56
56
56
56
56
56
56
56
56
56
56
55
55
55
55
55
55
55
55
55
55
54
54
54
54
54
54
54
54
54
54
54
54
54
53
53
53
53
53
53
53
53
53
53
53
53
53
53
53
53
52
52
52
52
52
52
52
52
51
51
51
51
51
51
50
50
50
50
50
50
50
50
50
49
49
49
49
49
49
49
49
49
49
49
49
49
49
48
48
48
48
48
48
48
48
48
48
48
47
47
47
47
47
47
47
47
47
47
47
46
46
46
46
46
46
46
46
46
46
46
46
46
46
46
46
46
46
45
45
45
45
45
45
45
45
45
45
45
45
45
45
44
44
44
44
44
44
44
44
44
44
44
44
44
43
43
43
43
43
43
43
43
43
43
43
43
43
43
43
42
42
42
42
42
42
42
42
42
42
42
42
42
42
41
41
41
41
41
41
41
41
41
41
41
41
41
41
41
41
41
41
41
40
40
40
40
40
40
40
40
40
40
40
40
40
40
40
40
39
39
39
39
39
39
39
39
39
39
39
39
39
39
39
39
39
38
38
38
38
38
38
38
38
38
38
38
38
38
38
38
37
37
37
37
37
37
37
37
37
37
37
37
36
36
36
36
36
36
36
36
36
36
36
36
36
36
36
36
35
35
35
35
35
35
35
35
35
35
35
35
35
35
35
35
35
35
35
35
35
34
34
34
34
34
34
34
34
34
34
34
34
34
34
34
34
34
34
34
34
33
33
33
33
33
33
33
33
33
33
33
33
33
33
33
33
33
33
33
33
33
33
33
32
32
32
32
32
32
32
32
32
32
32
32
32
32
31
31
31
31
31
31
31
31
31
31
31
31
31
31
30
30
30
30
30
30
30
30
30
30
30
30
30
30
30
30
30
30
30
29
29
29
29
29
29
29
29
29
29
29
28
28
28
28
28
28
28
28
28
28
28
28
28
28
28
28
28
28
27
27
27
27
27
27
27
27
27
27
27
27
27
27
27
27
27
26
26
26
26
26
26
26
26
26
26
26
26
26
26
26
25
25
25
25
25
25
25
25
25
25
25
25
25
25
25
25
25
25
25
25
25
24
24
24
24
24
24
24
24
24
24
24
24
24
24
24
24
24
24
24
23
23
23
23
23
23
23
23
23
23
23
23
23
23
23
23
23
23
23
23
22
22
22
22
22
22
22
22
22
22
22
22
22
22
22
22
22
22
22
22
22
21
21
21
21
21
21
21
21
21
21
21
21
21
21
21
21
21
21
21
21
20
20
20
20
20
20
20
20
20
20
20
20
20
20
20
20
20
20
20
20
19
19
19
19
19
19
19
19
19
19
19
19
19
19
19
19
19
19
19
19
19
18
18
18
18
18
18
18
18
18
18
18
18
18
18
18
18
18
18
18
18
17
17
17
17
17
17
17
17
17
17
17
17
17
17
17
17
17
17
16
16
16
16
16
16
16
16
16
16
16
16
16
16
16
16
16
16
16
16
16
15
15
15
15
15
15
15
15
15
15
15
15
15
15
15
14
14
14
14
14
14
14
14
14
14
14
14
14
14
14
14
14
14
14
14
14
14
14
14
14
14
14
14
13
13
13
13
13
13
13
13
13
13
13
13
13
13
13
13
13
13
12
12
12
12
12
12
12
12
12
12
12
12
12
12
12
12
12
12
12
12
12
12
12
12
11
11
11
11
11
11
11
11
11
11
11
11
11
11
11
11
11
11
11
11
11
11
11
11
11
11
11
11
11
11
10
10
10
10
10
10
10
10
10
10
10
10
10
10
10
10
10
10
10
10
10
10
9
9
9
9
9
9
9
9
9
9
9
9
9
9
9
9
9
9
9
9
9
9
8
8
8
8
8
8
8
8
8
8
8
8
8
7
7
7
7
7
7
7
7
7
7
7
7
7
7
7
7
7
7
7
7
7
7
6
6
6
6
6
6
6
6
6
6
6
6
5
5
5
5
5
5
5
5
5
5
5
5
5
5
5
5
5
5
4
4
4
4
4
4
4
4
4
4
4
4
4
4
4
4
4
3
3
3
3
3
3
3
3
3
2
2
2
2
2
2
2
2
2
1
1
1
1
1
1
1
1
1
1
1
1
1
1
1
0
0
0
0
0
0
0
0
0
0
0
0
